# unix_time, cycles_done, cur_path, paths_total, pending_total, pending_favs, map_size, unique_crashes, unique_hangs, max_depth, execs_per_sec
1653136773, 0, 0, 2, 2, 2, 0.88%, 0, 0, 1, 191.24
1653136783, 0, 0, 34, 34, 2, 0.97%, 0, 0, 2, 238.69
1653136788, 0, 0, 37, 37, 2, 0.97%, 0, 0, 2, 203.98
1653136793, 0, 0, 150, 150, 2, 1.11%, 0, 0, 2, 282.69
1653136798, 0, 0, 209, 209, 2, 1.11%, 0, 0, 2, 275.47
1653136804, 0, 0, 237, 237, 2, 1.15%, 0, 0, 2, 219.63
1653136809, 0, 0, 242, 242, 2, 1.17%, 0, 0, 2, 194.20
1653136814, 0, 0, 246, 246, 2, 1.18%, 0, 0, 2, 188.57
1653136819, 0, 0, 250, 250, 2, 1.18%, 0, 0, 2, 186.93
1653136824, 0, 0, 253, 253, 2, 1.18%, 0, 0, 2, 187.37
1653136829, 0, 0, 256, 256, 2, 1.18%, 0, 0, 2, 186.41
1653136834, 0, 0, 257, 257, 2, 1.18%, 0, 0, 2, 185.23
1653136839, 0, 0, 263, 263, 2, 1.18%, 0, 0, 2, 188.24
1653136844, 0, 0, 267, 267, 2, 1.18%, 0, 0, 2, 187.95
1653136849, 0, 0, 268, 268, 2, 1.18%, 0, 0, 2, 185.62
1653136859, 0, 0, 269, 269, 2, 1.18%, 0, 0, 2, 184.92
1653136864, 0, 0, 274, 274, 2, 1.19%, 0, 0, 2, 187.03
1653136870, 0, 0, 275, 275, 2, 1.19%, 0, 0, 2, 185.04
1653136880, 0, 0, 276, 276, 2, 1.19%, 0, 0, 2, 184.82
1653136885, 0, 0, 277, 277, 2, 1.19%, 0, 0, 2, 184.50
1653136890, 0, 0, 279, 279, 2, 1.19%, 0, 0, 2, 185.38
1653136900, 0, 0, 280, 280, 2, 1.19%, 0, 0, 2, 184.07
1653136905, 0, 0, 283, 283, 2, 1.19%, 0, 0, 2, 187.67
1653136910, 0, 0, 284, 284, 2, 1.19%, 0, 0, 2, 185.38
1653136915, 0, 0, 286, 286, 2, 1.19%, 0, 0, 2, 185.55
1653136931, 0, 0, 287, 287, 2, 1.19%, 0, 0, 2, 186.21
1653136951, 0, 0, 288, 288, 2, 1.19%, 0, 0, 2, 184.77
1653136961, 0, 0, 289, 289, 2, 1.19%, 0, 0, 2, 185.75
1653136966, 0, 0, 291, 291, 2, 1.19%, 0, 0, 2, 185.80
1653136971, 0, 0, 292, 292, 2, 1.19%, 0, 0, 2, 185.01
1653136976, 0, 0, 293, 293, 2, 1.19%, 0, 0, 2, 186.35
1653136981, 0, 0, 296, 296, 2, 1.19%, 0, 0, 2, 186.18
1653136986, 0, 0, 297, 297, 2, 1.19%, 0, 0, 2, 184.98
1653137002, 0, 0, 298, 298, 2, 1.19%, 0, 0, 2, 185.12
1653137007, 0, 0, 299, 299, 2, 1.19%, 0, 0, 2, 184.61
1653137022, 0, 0, 300, 300, 2, 1.19%, 0, 0, 2, 183.88
1653137027, 0, 0, 303, 303, 2, 1.20%, 0, 0, 2, 186.72
1653137032, 0, 0, 305, 305, 2, 1.20%, 0, 0, 2, 185.51
1653137037, 0, 0, 306, 306, 2, 1.20%, 0, 0, 2, 185.18
1653137047, 0, 0, 307, 307, 2, 1.20%, 0, 0, 2, 183.78
1653137068, 0, 0, 308, 308, 2, 1.20%, 0, 0, 2, 185.08
1653137073, 0, 0, 309, 309, 2, 1.20%, 0, 0, 2, 184.89
1653137078, 0, 0, 311, 311, 2, 1.21%, 0, 0, 2, 184.61
1653137113, 0, 0, 312, 312, 2, 1.21%, 0, 0, 2, 185.14
1653137124, 0, 0, 313, 313, 2, 1.21%, 0, 0, 2, 185.60
1653137129, 0, 0, 315, 315, 2, 1.21%, 0, 0, 2, 186.04
1653137139, 0, 0, 316, 316, 2, 1.21%, 0, 0, 2, 185.17
1653137144, 0, 0, 318, 318, 2, 1.21%, 0, 0, 2, 185.38
1653137154, 0, 0, 320, 320, 2, 1.21%, 0, 0, 2, 186.39
1653137159, 0, 0, 323, 323, 2, 1.21%, 0, 0, 2, 185.39
1653137174, 0, 0, 324, 324, 2, 1.21%, 0, 0, 2, 184.89
1653137184, 0, 0, 326, 326, 2, 1.22%, 0, 0, 2, 185.49
1653137210, 0, 0, 327, 327, 2, 1.22%, 0, 0, 2, 185.13
1653137225, 0, 0, 328, 328, 2, 1.22%, 0, 0, 2, 184.21
1653137276, 0, 0, 330, 330, 2, 1.22%, 0, 0, 2, 184.30
1653137291, 0, 0, 331, 331, 2, 1.22%, 0, 0, 2, 183.96
1653137302, 0, 0, 332, 332, 2, 1.22%, 0, 0, 2, 184.06
1653137312, 0, 0, 333, 333, 2, 1.22%, 0, 0, 2, 184.83
1653137322, 0, 0, 334, 334, 2, 1.22%, 0, 0, 2, 184.41
1653137332, 0, 0, 336, 336, 2, 1.23%, 0, 0, 2, 185.30
1653137352, 0, 0, 337, 337, 2, 1.23%, 0, 0, 2, 185.67
1653137388, 0, 0, 338, 338, 2, 1.23%, 0, 0, 2, 184.11
1653137418, 0, 0, 339, 339, 2, 1.23%, 0, 0, 2, 185.10
1653137444, 0, 0, 340, 340, 2, 1.23%, 0, 0, 2, 183.90
1653137449, 0, 0, 341, 341, 2, 1.23%, 0, 0, 2, 183.88
1653137505, 0, 0, 343, 343, 2, 1.23%, 0, 0, 2, 185.22
1653137561, 0, 0, 344, 344, 2, 1.23%, 0, 0, 2, 183.55
1653137571, 0, 0, 345, 345, 2, 1.23%, 0, 0, 2, 183.83
1653137586, 0, 0, 346, 346, 2, 1.23%, 0, 0, 2, 184.31
1653137627, 0, 0, 347, 347, 2, 1.23%, 0, 0, 2, 183.49
1653137637, 0, 0, 348, 348, 2, 1.23%, 0, 0, 2, 184.46
1653137683, 0, 0, 349, 349, 2, 1.23%, 0, 0, 2, 184.76
1653137739, 0, 0, 350, 350, 2, 1.23%, 0, 0, 2, 182.97
1653137800, 0, 0, 351, 351, 2, 1.23%, 0, 0, 2, 183.62
1653137810, 0, 0, 352, 352, 2, 1.23%, 0, 0, 2, 183.89
1653137816, 0, 0, 353, 353, 2, 1.23%, 0, 0, 2, 183.62
1653138019, 0, 0, 354, 354, 2, 1.23%, 0, 0, 2, 183.81
1653138055, 0, 0, 355, 355, 2, 1.23%, 0, 0, 2, 183.27
1653138183, 0, 0, 356, 356, 2, 1.23%, 0, 0, 2, 183.16
1653138193, 0, 0, 357, 357, 2, 1.23%, 0, 0, 2, 183.19
1653138367, 0, 0, 358, 358, 2, 1.23%, 0, 0, 2, 183.12
1653138613, 0, 0, 359, 359, 2, 1.23%, 0, 0, 2, 182.84
1653138623, 0, 0, 360, 360, 2, 1.23%, 0, 0, 2, 182.87
1653138674, 0, 0, 361, 361, 2, 1.23%, 0, 0, 2, 182.92
1653138700, 0, 0, 362, 362, 2, 1.23%, 0, 0, 2, 182.01
1653138761, 0, 0, 363, 363, 2, 1.23%, 0, 0, 2, 182.04
1653138828, 0, 0, 364, 364, 2, 1.23%, 0, 0, 2, 182.54
1653138853, 0, 0, 365, 365, 2, 1.23%, 0, 0, 2, 182.42
1653139017, 0, 0, 366, 366, 2, 1.23%, 0, 0, 2, 182.04
1653139053, 0, 0, 377, 377, 2, 1.24%, 0, 0, 2, 197.42
1653139058, 0, 0, 386, 386, 2, 1.27%, 0, 0, 2, 287.78
1653139063, 0, 0, 390, 390, 2, 1.27%, 0, 0, 2, 262.88
1653139125, 0, 0, 391, 391, 2, 1.27%, 0, 0, 2, 184.95
1653139284, 0, 0, 392, 392, 2, 1.27%, 0, 0, 2, 183.63
1653140066, 0, 0, 393, 393, 2, 1.27%, 0, 0, 2, 183.05
1653141183, 0, 0, 394, 394, 2, 1.27%, 0, 0, 2, 182.50
1653141234, 0, 0, 395, 395, 2, 1.27%, 0, 0, 2, 182.41
1653141285, 0, 0, 396, 396, 2, 1.27%, 0, 0, 2, 182.65
1653141321, 0, 0, 402, 402, 2, 1.28%, 0, 0, 2, 197.19
1653141326, 0, 0, 407, 407, 2, 1.28%, 0, 0, 2, 329.15
1653142454, 0, 0, 408, 408, 2, 1.28%, 0, 0, 2, 184.11
1653142918, 0, 0, 409, 409, 2, 1.28%, 0, 0, 2, 183.75
1653143490, 0, 0, 410, 410, 2, 1.28%, 0, 0, 2, 183.33
1653143505, 0, 0, 411, 411, 2, 1.28%, 0, 0, 2, 183.08
1653143577, 0, 0, 413, 413, 2, 1.28%, 0, 0, 2, 197.70
1653143811, 0, 0, 414, 414, 2, 1.28%, 0, 0, 2, 182.74
1653143832, 0, 0, 415, 415, 2, 1.28%, 0, 0, 2, 183.02
1653143857, 0, 0, 417, 417, 2, 1.28%, 0, 0, 2, 207.22
1653143898, 0, 0, 418, 418, 2, 1.28%, 0, 0, 2, 184.67
1653144138, 0, 0, 422, 422, 2, 1.28%, 0, 0, 2, 210.55
1653144143, 0, 0, 423, 423, 2, 1.28%, 0, 0, 2, 193.54
1653144412, 0, 0, 424, 424, 2, 1.28%, 0, 0, 2, 182.57
1653144423, 0, 0, 436, 436, 2, 1.28%, 0, 0, 2, 227.33
1653144464, 0, 0, 447, 447, 2, 1.38%, 0, 0, 2, 276.23
1653144469, 0, 0, 451, 451, 2, 1.39%, 0, 0, 2, 579.48
1653144474, 0, 0, 454, 454, 2, 1.39%, 0, 0, 2, 273.71
1653144484, 0, 0, 455, 455, 2, 1.39%, 0, 0, 2, 440.69
1653144489, 0, 0, 457, 457, 2, 1.39%, 0, 0, 2, 335.44
1653144494, 0, 0, 460, 460, 2, 1.40%, 0, 0, 2, 298.94
