# unix_time, cycles_done, cur_path, paths_total, pending_total, pending_favs, map_size, unique_crashes, unique_hangs, max_depth, execs_per_sec
1653317022, 0, 0, 100, 100, 16, 3.00%, 0, 0, 1, 1.91
1653317028, 0, 1, 103, 103, 16, 3.05%, 0, 0, 2, 1.20
1653317034, 0, 1, 105, 105, 16, 3.10%, 0, 0, 2, 16.41
1653317039, 0, 1, 111, 111, 16, 3.12%, 0, 1, 2, 267.06
1653317044, 0, 1, 112, 112, 16, 3.12%, 0, 1, 2, 418.05
1653317095, 0, 1, 112, 112, 16, 3.12%, 0, 2, 2, 1.13
1653317254, 0, 1, 113, 113, 16, 3.12%, 0, 2, 2, 20.84
1653317275, 0, 1, 114, 114, 16, 3.12%, 0, 2, 2, 453.90
1653317281, 0, 1, 124, 124, 16, 3.14%, 0, 4, 2, 13.04
1653317287, 0, 1, 125, 125, 16, 3.15%, 0, 4, 2, 6.18
1653317292, 0, 1, 126, 126, 16, 3.15%, 0, 4, 2, 9.62
1653317297, 0, 1, 126, 126, 16, 3.15%, 0, 6, 2, 31.60
1653317302, 0, 1, 128, 128, 16, 3.37%, 0, 9, 2, 1.41
1653317314, 0, 1, 129, 129, 16, 3.37%, 0, 10, 2, 5.63
1653317319, 0, 1, 130, 130, 16, 3.37%, 0, 11, 2, 183.17
1653317357, 0, 1, 131, 131, 16, 3.37%, 0, 11, 2, 223.54
1653317368, 0, 1, 131, 131, 16, 3.37%, 0, 12, 2, 32.55
1653317379, 0, 1, 132, 132, 16, 3.37%, 0, 13, 2, 11.10
1653317412, 0, 21, 132, 131, 28, 3.37%, 0, 13, 2, 1.60
1653317857, 0, 21, 133, 132, 28, 3.38%, 0, 13, 2, 1.59
1653317893, 0, 21, 134, 133, 28, 3.38%, 0, 13, 2, 1.59
1653317918, 0, 21, 135, 134, 28, 3.38%, 0, 13, 2, 1.59
1653317943, 0, 21, 136, 135, 28, 3.38%, 0, 13, 2, 1.59
1653317959, 0, 21, 136, 135, 28, 3.38%, 0, 16, 2, 1.41
1653317975, 0, 21, 137, 136, 28, 3.38%, 0, 16, 2, 1.50
1653318011, 0, 21, 138, 137, 28, 3.38%, 0, 16, 2, 1.61
1653325043, 0, 21, 139, 138, 28, 3.38%, 0, 16, 2, 1.57
1653325148, 0, 21, 140, 139, 28, 3.40%, 0, 16, 2, 1.49
1653332238, 0, 21, 141, 140, 28, 3.40%, 0, 16, 2, 127.45
1653337627, 0, 21, 142, 141, 28, 3.40%, 0, 16, 2, 1.60
1653340053, 0, 21, 143, 142, 28, 3.40%, 0, 16, 2, 1.58
1653340097, 0, 21, 144, 143, 28, 3.40%, 0, 16, 2, 1.68
1653340108, 0, 21, 145, 144, 28, 3.40%, 0, 16, 2, 5.97
1653340114, 0, 21, 145, 144, 28, 3.40%, 0, 17, 2, 11.76
1653340147, 0, 21, 146, 145, 28, 3.40%, 0, 17, 2, 1.61
1653340732, 0, 21, 147, 146, 28, 3.40%, 0, 17, 2, 1.61
1653340742, 0, 21, 148, 147, 28, 3.40%, 0, 17, 2, 1.59
1653340859, 0, 21, 148, 147, 28, 3.40%, 1, 17, 2, 0.91
1653340961, 0, 21, 148, 147, 28, 3.40%, 1, 18, 2, 1.28
1653341030, 0, 21, 148, 147, 28, 3.40%, 2, 18, 2, 1.05
1653341157, 0, 21, 149, 148, 28, 3.42%, 2, 18, 2, 1.61
1653343343, 0, 21, 149, 148, 28, 3.42%, 3, 18, 2, 1.68
1653343477, 0, 21, 149, 148, 28, 3.42%, 3, 19, 2, 0.98
1653345598, 0, 21, 150, 149, 28, 3.42%, 3, 19, 2, 1.06
1653345609, 0, 21, 151, 150, 28, 3.42%, 3, 19, 2, 1.30
1653345620, 0, 21, 152, 151, 28, 3.42%, 3, 19, 2, 1.44
1653345625, 0, 21, 153, 152, 28, 3.42%, 3, 19, 2, 1.43
1653347061, 0, 21, 154, 153, 28, 3.42%, 3, 19, 2, 1.59
1653347876, 0, 21, 154, 153, 28, 3.42%, 3, 20, 2, 2.36
1653348729, 0, 21, 154, 153, 28, 3.42%, 3, 21, 2, 1.61
1653348750, 0, 21, 155, 154, 28, 3.42%, 3, 21, 2, 1.97
1653348786, 0, 21, 156, 155, 28, 3.42%, 3, 21, 2, 1.72
1653348887, 0, 23, 156, 154, 31, 3.42%, 3, 21, 2, 24.29
1653348975, 0, 23, 157, 155, 31, 3.42%, 3, 21, 2, 1.59
1653348985, 0, 23, 157, 155, 31, 3.42%, 3, 22, 2, 1.57
1653348990, 0, 23, 158, 156, 31, 3.42%, 3, 22, 2, 1.58
1653348996, 0, 23, 158, 156, 31, 3.42%, 4, 22, 2, 1.57
1653349001, 0, 23, 159, 157, 31, 3.42%, 4, 22, 2, 1.53
1653349023, 0, 23, 159, 157, 31, 3.42%, 5, 22, 2, 1.43
1653349040, 0, 23, 160, 158, 31, 3.42%, 5, 22, 2, 1.55
1653349217, 0, 23, 161, 159, 31, 3.42%, 5, 22, 2, 1.61
1653349261, 0, 23, 162, 160, 31, 3.42%, 5, 22, 2, 1.61
1653350367, 0, 23, 163, 161, 31, 3.42%, 5, 22, 2, 1.61
1653350444, 0, 23, 163, 161, 31, 3.42%, 5, 23, 2, 1.46
1653350792, 0, 23, 164, 162, 31, 3.42%, 5, 23, 2, 1.60
1653352304, 0, 23, 164, 162, 31, 3.42%, 5, 24, 2, 1.31
1653354078, 0, 23, 164, 162, 31, 3.42%, 5, 25, 2, 0.99
1653356021, 0, 24, 164, 161, 33, 3.42%, 5, 25, 2, 1.87
1653356123, 0, 24, 165, 162, 33, 3.42%, 5, 25, 2, 1.60
1653356128, 0, 24, 166, 163, 33, 3.42%, 5, 25, 2, 1.59
1653356133, 0, 24, 167, 164, 33, 3.42%, 5, 25, 2, 1.59
1653356148, 0, 24, 167, 164, 33, 3.42%, 5, 26, 2, 1.56
1653356154, 0, 24, 167, 164, 33, 3.42%, 5, 27, 2, 1.39
1653356160, 0, 24, 168, 165, 33, 3.42%, 5, 27, 2, 1.38
1653356181, 0, 24, 168, 165, 33, 3.42%, 6, 28, 2, 1.47
1653356728, 0, 24, 169, 166, 33, 3.42%, 6, 28, 2, 1.59
1653358045, 0, 24, 170, 167, 33, 3.43%, 6, 28, 2, 1.61
1653358607, 0, 24, 171, 168, 33, 3.43%, 6, 28, 2, 1.60
1653358683, 0, 24, 171, 168, 33, 3.43%, 6, 29, 2, 1.46
