# unix_time, cycles_done, cur_path, paths_total, pending_total, pending_favs, map_size, unique_crashes, unique_hangs, max_depth, execs_per_sec
1653128626, 0, 0, 3, 3, 3, 0.47%, 0, 0, 1, 323.70
1653128631, 0, 0, 39, 39, 3, 0.67%, 0, 0, 2, 849.66
1653128636, 0, 0, 42, 42, 3, 0.67%, 0, 0, 2, 982.27
1653128641, 0, 0, 57, 57, 3, 0.70%, 0, 0, 2, 953.12
1653128657, 0, 0, 58, 58, 3, 0.70%, 0, 0, 2, 1002.20
1653128667, 0, 0, 59, 59, 3, 0.70%, 0, 0, 2, 982.71
1653128672, 0, 0, 63, 63, 3, 0.71%, 0, 0, 2, 990.58
1653128734, 0, 0, 64, 64, 3, 0.71%, 0, 0, 2, 963.63
1653128754, 0, 0, 65, 65, 3, 0.72%, 0, 0, 2, 927.14
1653128790, 0, 0, 73, 73, 3, 0.72%, 0, 0, 2, 1016.18
1653128831, 0, 0, 76, 76, 3, 0.73%, 0, 0, 2, 991.01
1653128897, 0, 0, 80, 80, 3, 0.74%, 0, 0, 2, 994.30
1653128907, 0, 0, 82, 82, 3, 0.74%, 0, 0, 2, 980.41
1653128912, 0, 1, 96, 95, 49, 0.77%, 0, 0, 2, 989.59
1653128917, 0, 1, 112, 111, 49, 0.77%, 0, 0, 2, 894.27
1653128923, 0, 1, 119, 118, 49, 0.77%, 0, 0, 2, 926.24
1653128928, 0, 1, 122, 121, 49, 0.77%, 0, 0, 2, 879.21
1653128933, 0, 1, 125, 124, 49, 0.77%, 0, 0, 2, 924.27
1653128943, 0, 1, 127, 126, 49, 0.77%, 0, 0, 2, 882.12
1653128948, 0, 1, 132, 131, 49, 0.77%, 0, 0, 2, 991.93
1653128964, 0, 1, 133, 132, 49, 0.77%, 0, 0, 2, 891.70
1653128969, 0, 1, 134, 133, 49, 0.77%, 0, 0, 2, 865.92
1653128974, 0, 1, 135, 134, 49, 0.77%, 0, 0, 2, 865.67
1653129005, 0, 1, 136, 135, 49, 0.77%, 0, 0, 2, 857.13
1653129035, 0, 1, 137, 136, 49, 0.77%, 0, 0, 2, 896.84
1653129045, 0, 1, 138, 137, 49, 0.77%, 0, 0, 2, 930.15
1653129127, 0, 1, 142, 141, 49, 0.78%, 0, 0, 2, 968.98
1653129132, 0, 1, 146, 145, 49, 0.78%, 0, 0, 2, 1036.69
1653129158, 0, 1, 147, 146, 49, 0.78%, 0, 0, 2, 843.69
1653129188, 0, 3, 147, 145, 62, 0.78%, 0, 0, 2, 988.60
1653129193, 0, 9, 148, 144, 61, 0.78%, 0, 0, 3, 1166.09
1653129199, 0, 10, 148, 143, 60, 0.78%, 0, 0, 3, 1198.07
1653129204, 0, 12, 148, 141, 58, 0.78%, 0, 0, 3, 1193.53
1653129214, 0, 13, 148, 140, 57, 0.78%, 0, 0, 3, 1122.83
1653129224, 0, 15, 148, 139, 56, 0.78%, 0, 0, 3, 1109.38
1653129230, 0, 17, 148, 138, 55, 0.78%, 0, 0, 3, 1142.64
1653129240, 0, 18, 148, 137, 54, 0.78%, 0, 0, 3, 1116.13
1653129245, 0, 19, 148, 136, 53, 0.78%, 0, 0, 3, 1135.87
1653129250, 0, 19, 149, 137, 53, 0.78%, 0, 0, 3, 1042.13
1653129260, 0, 19, 150, 138, 53, 0.78%, 0, 0, 3, 980.29
1653129276, 0, 19, 151, 139, 53, 0.78%, 0, 0, 3, 1006.12
1653129286, 0, 19, 152, 140, 53, 0.78%, 0, 0, 3, 984.63
1653129373, 0, 19, 156, 144, 53, 0.78%, 0, 0, 3, 922.62
1653129403, 0, 19, 157, 145, 53, 0.78%, 0, 0, 3, 995.43
1653129444, 0, 19, 159, 147, 53, 0.78%, 0, 0, 3, 927.66
1653129449, 0, 19, 160, 148, 53, 0.78%, 0, 0, 3, 1005.87
1653129586, 0, 19, 163, 151, 53, 0.78%, 0, 0, 3, 916.67
1653129592, 0, 20, 163, 150, 53, 0.78%, 0, 0, 3, 1061.74
1653129597, 0, 23, 163, 149, 52, 0.78%, 0, 0, 3, 1130.38
1653129607, 0, 25, 163, 148, 51, 0.78%, 0, 0, 3, 1065.69
1653129622, 0, 25, 166, 151, 51, 0.79%, 0, 0, 3, 1013.06
1653129948, 0, 26, 166, 150, 51, 0.79%, 0, 0, 3, 1078.53
1653129953, 0, 28, 166, 149, 50, 0.79%, 0, 0, 3, 1134.18
1653129963, 0, 29, 174, 156, 49, 0.79%, 0, 0, 3, 1054.54
1653129973, 0, 29, 183, 165, 49, 0.79%, 0, 0, 3, 947.85
1653130004, 0, 29, 188, 170, 49, 0.79%, 0, 0, 3, 1012.05
1653130116, 0, 29, 191, 173, 49, 0.84%, 0, 0, 3, 1000.95
1653130300, 0, 33, 191, 172, 51, 0.84%, 0, 0, 3, 1004.47
1653130310, 0, 33, 192, 173, 51, 0.84%, 0, 0, 3, 1120.32
1653130315, 0, 34, 192, 172, 51, 0.84%, 0, 0, 3, 1119.09
1653130326, 0, 43, 192, 171, 50, 0.84%, 0, 0, 3, 1057.86
1653130478, 0, 43, 193, 172, 50, 0.84%, 0, 0, 3, 1028.67
1653130657, 0, 45, 193, 171, 50, 0.84%, 0, 0, 3, 964.29
1653130999, 0, 46, 193, 170, 49, 0.84%, 0, 0, 3, 942.05
1653131342, 0, 52, 193, 169, 48, 0.84%, 0, 0, 3, 957.05
1653131685, 0, 56, 193, 168, 47, 0.84%, 0, 0, 3, 1029.34
1653131695, 0, 57, 193, 167, 46, 0.84%, 0, 0, 3, 1040.65
1653132037, 0, 59, 193, 166, 45, 0.84%, 0, 0, 3, 1016.36
1653132048, 0, 61, 193, 165, 44, 0.84%, 0, 0, 3, 1104.47
1653132053, 0, 63, 193, 164, 43, 0.84%, 0, 0, 3, 1094.19
1653132326, 0, 66, 193, 163, 42, 0.84%, 0, 0, 3, 1014.33
1653132331, 0, 70, 193, 162, 41, 0.84%, 0, 0, 3, 1109.66
1653132341, 0, 72, 196, 164, 40, 0.84%, 0, 0, 3, 1036.38
1653132685, 0, 74, 196, 163, 40, 0.84%, 0, 0, 3, 961.20
1653133025, 0, 76, 196, 162, 39, 0.84%, 0, 0, 3, 1087.77
1653133030, 0, 78, 196, 160, 37, 0.84%, 0, 0, 3, 1154.26
1653133040, 0, 79, 196, 159, 36, 0.84%, 0, 0, 3, 1113.28
1653133050, 0, 80, 196, 158, 35, 0.84%, 0, 0, 3, 1113.53
1653133297, 0, 81, 196, 157, 34, 0.84%, 0, 0, 3, 1019.32
1653133557, 0, 92, 196, 156, 33, 0.84%, 0, 0, 3, 1000.31
1653133562, 0, 92, 202, 162, 33, 0.84%, 0, 0, 3, 943.03
1653133567, 0, 92, 203, 163, 33, 0.84%, 0, 0, 3, 936.04
1653133572, 0, 92, 204, 164, 33, 0.84%, 0, 0, 3, 922.42
1653133588, 0, 92, 206, 166, 33, 0.84%, 0, 0, 3, 917.41
1653133608, 0, 92, 207, 167, 33, 0.84%, 0, 0, 3, 937.06
1653133613, 0, 92, 208, 168, 33, 0.84%, 0, 0, 3, 913.90
1653133623, 0, 92, 209, 169, 33, 0.84%, 0, 0, 3, 899.04
1653133771, 0, 92, 210, 170, 33, 0.84%, 0, 0, 3, 1021.24
1653133781, 0, 92, 211, 171, 33, 0.84%, 0, 0, 3, 927.27
1653133822, 0, 94, 211, 170, 33, 0.84%, 0, 0, 3, 1006.98
1653133837, 0, 95, 211, 169, 32, 0.84%, 0, 0, 3, 1116.45
1653133868, 0, 96, 211, 168, 31, 0.84%, 0, 0, 3, 957.38
1653134010, 0, 97, 211, 167, 30, 0.84%, 0, 0, 3, 946.84
1653134277, 0, 109, 212, 167, 29, 0.84%, 0, 0, 3, 913.51
1653134288, 0, 109, 213, 168, 29, 0.84%, 0, 0, 3, 843.41
1653134314, 0, 109, 214, 169, 29, 0.84%, 0, 0, 3, 951.16
1653134558, 0, 117, 217, 171, 31, 0.84%, 0, 0, 3, 950.65
1653134563, 0, 117, 220, 174, 31, 0.84%, 0, 0, 3, 939.27
1653134573, 0, 117, 222, 176, 31, 0.84%, 0, 0, 3, 930.98
1653134588, 0, 117, 223, 177, 31, 0.84%, 0, 0, 3, 939.92
1653134717, 0, 117, 224, 178, 31, 0.84%, 0, 0, 3, 923.37
1653134732, 0, 118, 224, 177, 29, 0.84%, 0, 0, 3, 1028.73
1653134763, 0, 118, 225, 178, 29, 0.84%, 0, 0, 3, 1072.89
1653134768, 0, 128, 226, 178, 28, 0.84%, 0, 0, 3, 993.89
1653134988, 0, 128, 227, 179, 28, 0.84%, 0, 0, 3, 945.10
1653135034, 0, 136, 227, 178, 28, 0.84%, 0, 0, 3, 922.12
1653135039, 0, 136, 231, 182, 28, 0.84%, 0, 0, 3, 917.61
1653135050, 0, 136, 232, 183, 28, 0.84%, 0, 0, 3, 905.73
1653135065, 0, 136, 233, 184, 28, 0.84%, 0, 0, 3, 902.46
1653135202, 0, 138, 233, 183, 30, 0.84%, 0, 0, 3, 989.68
1653135208, 0, 139, 233, 182, 29, 0.84%, 0, 0, 3, 1165.53
1653135213, 0, 142, 233, 180, 27, 0.84%, 0, 0, 3, 1180.30
1653135238, 0, 143, 233, 179, 26, 0.84%, 0, 0, 3, 1122.34
1653135264, 0, 144, 233, 178, 25, 0.84%, 0, 0, 3, 1115.20
1653135300, 0, 145, 233, 177, 24, 0.84%, 0, 0, 3, 1099.90
1653135331, 0, 147, 234, 177, 24, 0.84%, 0, 0, 3, 1123.73
1653135336, 0, 161, 236, 178, 23, 0.84%, 0, 0, 4, 1047.30
1653135346, 0, 161, 237, 179, 23, 0.85%, 0, 0, 4, 972.91
1653135489, 0, 161, 238, 180, 23, 0.85%, 0, 0, 4, 987.42
1653135536, 0, 161, 239, 181, 23, 0.85%, 0, 0, 4, 1001.85
1653135679, 0, 165, 240, 181, 23, 0.85%, 0, 0, 4, 997.83
1653136018, 0, 174, 240, 180, 22, 0.85%, 0, 0, 4, 953.53
1653136033, 0, 174, 241, 181, 22, 0.85%, 0, 0, 4, 981.80
1653136217, 0, 174, 242, 182, 22, 0.85%, 0, 0, 4, 947.26
1653136361, 0, 176, 243, 182, 22, 0.85%, 0, 0, 4, 965.88
