# unix_time, cycles_done, cur_path, paths_total, pending_total, pending_favs, map_size, unique_crashes, unique_hangs, max_depth, execs_per_sec
1653119823, 0, 0, 3, 3, 3, 2.63%, 0, 0, 1, 75.47
1653119828, 0, 0, 42, 42, 3, 2.73%, 0, 0, 2, 806.20
1653120335, 0, 0, 56, 56, 3, 2.75%, 0, 0, 2, 823.08
1653120837, 0, 0, 62, 62, 3, 2.77%, 0, 0, 2, 825.10
1653120842, 0, 0, 63, 63, 3, 2.77%, 0, 0, 2, 823.15
1653121407, 0, 0, 64, 64, 3, 2.77%, 0, 0, 2, 824.59
1653121468, 0, 0, 69, 69, 3, 2.77%, 0, 0, 2, 824.13
1653121530, 0, 0, 77, 77, 3, 2.78%, 0, 0, 2, 831.05
1653121535, 0, 0, 80, 80, 3, 2.79%, 0, 0, 2, 826.46
1653121545, 0, 0, 81, 81, 3, 2.79%, 0, 0, 2, 822.15
1653125658, 0, 0, 82, 82, 3, 2.79%, 0, 0, 2, 811.56
1653126063, 0, 0, 83, 83, 3, 2.79%, 0, 0, 2, 835.70
1653126068, 0, 0, 91, 91, 3, 2.95%, 0, 0, 2, 809.24
