# unix_time, cycles_done, cur_path, paths_total, pending_total, pending_favs, map_size, unique_crashes, unique_hangs, max_depth, execs_per_sec
1653118880, 0, 0, 21, 21, 1, 0.39%, 0, 0, 1, 2470.59
1653118885, 5, 4, 21, 8, 0, 0.39%, 0, 0, 1, 3857.98
1653118890, 14, 17, 21, 0, 0, 0.39%, 0, 0, 1, 4124.96
1653118895, 50, 12, 21, 0, 0, 0.39%, 0, 0, 1, 4190.02
1653118900, 90, 11, 21, 0, 0, 0.39%, 0, 0, 1, 4208.17
1653118905, 128, 12, 21, 0, 0, 0.39%, 0, 0, 1, 4215.01
1653118911, 161, 12, 21, 0, 0, 0.39%, 0, 0, 1, 4210.74
1653118916, 200, 10, 21, 0, 0, 0.39%, 0, 0, 1, 4212.29
1653118921, 232, 12, 21, 0, 0, 0.39%, 0, 0, 1, 4214.79
1653118926, 269, 12, 21, 0, 0, 0.39%, 0, 0, 1, 4215.94
1653118931, 307, 12, 21, 0, 0, 0.39%, 0, 0, 1, 4219.76
1653118936, 347, 12, 21, 0, 0, 0.39%, 0, 0, 1, 4219.29
1653118941, 382, 12, 21, 0, 0, 0.39%, 0, 0, 1, 4219.08
1653118946, 417, 5, 21, 0, 0, 0.39%, 0, 0, 1, 4217.02
1653118951, 452, 20, 21, 0, 0, 0.39%, 0, 0, 1, 4214.83
1653118956, 488, 1, 21, 0, 0, 0.39%, 0, 0, 1, 4222.24
1653118961, 530, 3, 21, 0, 0, 0.39%, 0, 0, 1, 4213.95
1653118966, 565, 12, 21, 0, 0, 0.39%, 0, 0, 1, 4209.32
1653118971, 601, 12, 21, 0, 0, 0.39%, 0, 0, 1, 4215.60
1653118976, 632, 12, 21, 0, 0, 0.39%, 0, 0, 1, 4221.02
1653118981, 669, 13, 21, 0, 0, 0.39%, 0, 0, 1, 4221.91
1653118986, 706, 11, 21, 0, 0, 0.39%, 0, 0, 1, 4223.34
1653118991, 744, 3, 21, 0, 0, 0.39%, 0, 0, 1, 4212.64
1653118997, 781, 12, 21, 0, 0, 0.39%, 0, 0, 1, 4217.62
1653119002, 822, 2, 21, 0, 0, 0.39%, 0, 0, 1, 4224.85
1653119007, 865, 12, 21, 0, 0, 0.39%, 0, 0, 1, 4221.78
1653119012, 904, 18, 21, 0, 0, 0.39%, 0, 0, 1, 4217.27
1653119017, 938, 12, 21, 0, 0, 0.39%, 0, 0, 1, 4203.16
1653119022, 967, 12, 21, 0, 0, 0.39%, 0, 0, 1, 4101.17
1653119027, 1009, 19, 21, 0, 0, 0.39%, 0, 0, 1, 4090.60
1653119033, 1046, 12, 21, 0, 0, 0.39%, 0, 0, 1, 4175.49
1653119038, 1082, 9, 21, 0, 0, 0.39%, 0, 0, 1, 4205.15
1653119043, 1117, 19, 21, 0, 0, 0.39%, 0, 0, 1, 4211.27
1653119048, 1155, 3, 21, 0, 0, 0.39%, 0, 0, 1, 4217.97
1653119053, 1188, 12, 21, 0, 0, 0.39%, 0, 0, 1, 4220.54
1653119058, 1224, 12, 21, 0, 0, 0.39%, 0, 0, 1, 4224.65
1653119063, 1263, 12, 21, 0, 0, 0.39%, 0, 0, 1, 4227.05
1653119068, 1302, 7, 21, 0, 0, 0.39%, 0, 0, 1, 4223.62
1653119073, 1339, 3, 21, 0, 0, 0.39%, 0, 0, 1, 4203.57
1653119078, 1376, 13, 21, 0, 0, 0.39%, 0, 0, 1, 4199.61
1653119084, 1416, 20, 21, 0, 0, 0.39%, 0, 0, 1, 4196.47
1653119089, 1455, 12, 21, 0, 0, 0.39%, 0, 0, 1, 4203.29
1653119094, 1492, 12, 21, 0, 0, 0.39%, 0, 0, 1, 4202.38
1653119099, 1528, 15, 21, 0, 0, 0.39%, 0, 0, 1, 4210.41
1653119104, 1561, 2, 21, 0, 0, 0.39%, 0, 0, 1, 4204.19
1653119109, 1600, 12, 21, 0, 0, 0.39%, 0, 0, 1, 4194.83
1653119114, 1638, 12, 21, 0, 0, 0.39%, 0, 0, 1, 4188.61
1653119119, 1678, 12, 21, 0, 0, 0.39%, 0, 0, 1, 4187.46
1653119124, 1715, 14, 21, 0, 0, 0.39%, 0, 0, 1, 4194.91
1653119129, 1762, 2, 21, 0, 0, 0.39%, 0, 0, 1, 4190.04
1653119134, 1792, 4, 21, 0, 0, 0.39%, 0, 0, 1, 4191.94
1653119139, 1827, 12, 21, 0, 0, 0.39%, 0, 0, 1, 4194.74
1653119144, 1864, 0, 21, 0, 0, 0.39%, 0, 0, 1, 4187.59
1653119149, 1899, 12, 21, 0, 0, 0.39%, 0, 0, 1, 4198.39
1653119154, 1938, 10, 21, 0, 0, 0.39%, 0, 0, 1, 4195.75
1653119159, 1973, 12, 21, 0, 0, 0.39%, 0, 0, 1, 4188.10
1653119164, 2007, 4, 21, 0, 0, 0.39%, 0, 0, 1, 4199.57
1653119170, 2038, 12, 21, 0, 0, 0.39%, 0, 0, 1, 4211.71
1653119175, 2076, 12, 21, 0, 0, 0.39%, 0, 0, 1, 4199.54
1653119180, 2110, 9, 21, 0, 0, 0.39%, 0, 0, 1, 4204.41
1653119185, 2156, 12, 21, 0, 0, 0.39%, 0, 0, 1, 4206.76
1653119190, 2196, 15, 21, 0, 0, 0.39%, 0, 0, 1, 4211.57
1653119195, 2241, 12, 21, 0, 0, 0.39%, 0, 0, 1, 4213.37
1653119200, 2279, 9, 21, 0, 0, 0.39%, 0, 0, 1, 4205.01
1653119205, 2318, 12, 21, 0, 0, 0.39%, 0, 0, 1, 4199.88
1653119210, 2358, 6, 21, 0, 0, 0.39%, 0, 0, 1, 4199.87
1653119215, 2392, 12, 21, 0, 0, 0.39%, 0, 0, 1, 4198.83
1653119220, 2427, 8, 21, 0, 0, 0.39%, 0, 0, 1, 4200.48
1653119225, 2471, 12, 21, 0, 0, 0.39%, 0, 0, 1, 4210.05
1653119230, 2507, 8, 21, 0, 0, 0.39%, 0, 0, 1, 4206.01
1653119236, 2546, 1, 21, 0, 0, 0.39%, 0, 0, 1, 4202.51
1653119241, 2583, 12, 21, 0, 0, 0.39%, 0, 0, 1, 4203.92
1653119246, 2621, 12, 21, 0, 0, 0.39%, 0, 0, 1, 4206.67
1653119251, 2658, 12, 21, 0, 0, 0.39%, 0, 0, 1, 4214.80
1653119256, 2697, 12, 21, 0, 0, 0.39%, 0, 0, 1, 4206.43
1653119261, 2732, 12, 21, 0, 0, 0.39%, 0, 0, 1, 4205.50
1653119266, 2773, 0, 21, 0, 0, 0.39%, 0, 0, 1, 4207.16
1653119271, 2810, 12, 21, 0, 0, 0.39%, 0, 0, 1, 4213.37
1653119276, 2850, 12, 21, 0, 0, 0.39%, 0, 0, 1, 4208.61
1653119281, 2886, 20, 21, 0, 0, 0.39%, 0, 0, 1, 4217.54
1653119286, 2930, 12, 21, 0, 0, 0.39%, 0, 0, 1, 4225.29
1653119291, 2963, 12, 21, 0, 0, 0.39%, 0, 0, 1, 4211.34
1653119297, 3003, 12, 21, 0, 0, 0.39%, 0, 0, 1, 4206.78
1653119302, 3042, 12, 21, 0, 0, 0.39%, 0, 0, 1, 4211.52
1653119307, 3084, 18, 21, 0, 0, 0.39%, 0, 0, 1, 4211.46
1653119312, 3124, 20, 21, 0, 0, 0.39%, 0, 0, 1, 4205.45
1653119317, 3163, 9, 21, 0, 0, 0.39%, 0, 0, 1, 4205.34
1653119322, 3195, 12, 21, 0, 0, 0.39%, 0, 0, 1, 4212.58
1653119327, 3228, 12, 21, 0, 0, 0.39%, 0, 0, 1, 4207.92
1653119332, 3267, 12, 21, 0, 0, 0.39%, 0, 0, 1, 4206.35
1653119337, 3301, 12, 21, 0, 0, 0.39%, 0, 0, 1, 4208.12
1653119343, 3336, 12, 21, 0, 0, 0.39%, 0, 0, 1, 4203.27
1653119348, 3371, 12, 21, 0, 0, 0.39%, 0, 0, 1, 4211.40
1653119353, 3405, 18, 21, 0, 0, 0.39%, 0, 0, 1, 4208.68
1653119358, 3441, 19, 21, 0, 0, 0.39%, 0, 0, 1, 4209.77
1653119363, 3477, 3, 21, 0, 0, 0.39%, 0, 0, 1, 4213.43
1653119368, 3513, 12, 21, 0, 0, 0.39%, 0, 0, 1, 4215.14
1653119373, 3555, 15, 21, 0, 0, 0.39%, 0, 0, 1, 4217.56
1653119378, 3588, 12, 21, 0, 0, 0.39%, 0, 0, 1, 4219.37
1653119383, 3632, 3, 21, 0, 0, 0.39%, 0, 0, 1, 4218.49
1653119388, 3668, 18, 21, 0, 0, 0.39%, 0, 0, 1, 4216.78
1653119393, 3703, 0, 21, 0, 0, 0.39%, 0, 0, 1, 4213.02
1653119398, 3743, 7, 21, 0, 0, 0.39%, 0, 0, 1, 4209.71
1653119403, 3780, 15, 21, 0, 0, 0.39%, 0, 0, 1, 4203.62
1653119408, 3819, 6, 21, 0, 0, 0.39%, 0, 0, 1, 4204.63
1653119413, 3860, 12, 21, 0, 0, 0.39%, 0, 0, 1, 4209.84
1653119418, 3897, 7, 21, 0, 0, 0.39%, 0, 0, 1, 4200.84
1653119423, 3935, 12, 21, 0, 0, 0.39%, 0, 0, 1, 4193.80
1653119428, 3969, 12, 21, 0, 0, 0.39%, 0, 0, 1, 4201.57
1653119434, 4004, 8, 21, 0, 0, 0.39%, 0, 0, 1, 4193.95
1653119439, 4040, 12, 21, 0, 0, 0.39%, 0, 0, 1, 4192.24
1653119444, 4079, 13, 21, 0, 0, 0.39%, 0, 0, 1, 4193.20
1653119449, 4113, 4, 21, 0, 0, 0.39%, 0, 0, 1, 4192.58
1653119454, 4145, 14, 21, 0, 0, 0.39%, 0, 0, 1, 4211.68
1653119459, 4159, 14, 21, 0, 0, 0.39%, 0, 0, 1, 3622.60
1653119464, 4197, 3, 21, 0, 0, 0.39%, 0, 0, 1, 4071.47
1653119469, 4231, 12, 21, 0, 0, 0.39%, 0, 0, 1, 4157.16
1653119474, 4269, 12, 21, 0, 0, 0.39%, 0, 0, 1, 4160.73
1653119479, 4307, 12, 21, 0, 0, 0.39%, 0, 0, 1, 4164.58
1653119485, 4342, 12, 21, 0, 0, 0.39%, 0, 0, 1, 4166.09
1653119490, 4376, 12, 21, 0, 0, 0.39%, 0, 0, 1, 4176.41
1653119495, 4414, 13, 21, 0, 0, 0.39%, 0, 0, 1, 4162.09
1653119500, 4444, 12, 21, 0, 0, 0.39%, 0, 0, 1, 4160.38
1653119505, 4487, 6, 21, 0, 0, 0.39%, 0, 0, 1, 4161.57
1653119510, 4526, 17, 21, 0, 0, 0.39%, 0, 0, 1, 4173.42
1653119515, 4561, 12, 21, 0, 0, 0.39%, 0, 0, 1, 4182.34
1653119520, 4602, 12, 21, 0, 0, 0.39%, 0, 0, 1, 4176.09
1653119525, 4645, 12, 21, 0, 0, 0.39%, 0, 0, 1, 4175.73
1653119530, 4683, 12, 21, 0, 0, 0.39%, 0, 0, 1, 4182.57
1653119535, 4719, 12, 21, 0, 0, 0.39%, 0, 0, 1, 4176.30
1653119540, 4759, 11, 21, 0, 0, 0.39%, 0, 0, 1, 4175.84
1653119545, 4799, 3, 21, 0, 0, 0.39%, 0, 0, 1, 4175.62
1653119550, 4835, 20, 21, 0, 0, 0.39%, 0, 0, 1, 4173.89
1653119556, 4873, 12, 21, 0, 0, 0.39%, 0, 0, 1, 4177.03
1653119561, 4909, 13, 21, 0, 0, 0.39%, 0, 0, 1, 4176.70
1653119566, 4949, 12, 21, 0, 0, 0.39%, 0, 0, 1, 4172.54
1653119571, 4989, 12, 21, 0, 0, 0.39%, 0, 0, 1, 4187.54
1653119576, 5025, 12, 21, 0, 0, 0.39%, 0, 0, 1, 4185.46
1653119581, 5059, 17, 21, 0, 0, 0.39%, 0, 0, 1, 4184.09
1653119586, 5094, 12, 21, 0, 0, 0.39%, 0, 0, 1, 4182.54
1653119591, 5132, 6, 21, 0, 0, 0.39%, 0, 0, 1, 4177.40
1653119596, 5168, 12, 21, 0, 0, 0.39%, 0, 0, 1, 4181.85
1653119602, 5212, 12, 21, 0, 0, 0.39%, 0, 0, 1, 4185.35
1653119607, 5248, 6, 21, 0, 0, 0.39%, 0, 0, 1, 4205.04
1653119612, 5288, 12, 21, 0, 0, 0.39%, 0, 0, 1, 4208.21
1653119617, 5320, 3, 21, 0, 0, 0.39%, 0, 0, 1, 4203.10
1653119622, 5356, 8, 21, 0, 0, 0.39%, 0, 0, 1, 4204.06
1653119627, 5392, 12, 21, 0, 0, 0.39%, 0, 0, 1, 4197.21
1653119632, 5430, 12, 21, 0, 0, 0.39%, 0, 0, 1, 4185.07
1653119637, 5470, 12, 21, 0, 0, 0.39%, 0, 0, 1, 4188.85
1653119642, 5506, 20, 21, 0, 0, 0.39%, 0, 0, 1, 4181.76
1653119647, 5543, 12, 21, 0, 0, 0.39%, 0, 0, 1, 4182.79
